t[sec]	x[nm]
0	4.02527
3.33333E-5	6.57029
6.66667E-5	2.27988
1E-4	-0.09889
1.33333E-4	1.563
1.66667E-4	1.67011
2E-4	14.60328
2.33333E-4	15.66969
2.66667E-4	10.68231
3E-4	-2.83232
3.33333E-4	-7.16201
3.66667E-4	3.3665
4E-4	18.52665
4.33333E-4	14.91963
4.66667E-4	12.82427
5E-4	10.31287
5.33333E-4	6.26212
5.66667E-4	3.15854
6E-4	4.90504
6.33333E-4	4.26607
6.66667E-4	-0.69176
7E-4	2.75928
7.33333E-4	11.95565
7.66667E-4	-3.99859
8E-4	0.35951
8.33333E-4	-0.9012
8.66667E-4	5.91255
9E-4	6.32452
9.33333E-4	11.39485
9.66667E-4	6.602
0.001	12.54523
0.00103	7.6346
0.00107	6.92399
0.0011	0.72136
0.00113	-2.12093
0.00117	-2.7134
0.0012	-7.20827
0.00123	-9.75391
0.00127	-5.03908
0.0013	-6.02958
0.00133	-12.34252
0.00137	3.60027
0.0014	4.65603
0.00143	10.3134
0.00147	14.75112
0.0015	29.30531
0.00153	15.45868
0.00157	21.19854
0.0016	10.97765
0.00163	7.21694
0.00167	5.15311
0.0017	0.39907
0.00173	3.13867
0.00177	4.68174
0.0018	-4.28753
0.00183	-4.96425
0.00187	-1.27216
0.0019	1.84687
0.00193	-0.82651
0.00197	-5.49147
0.002	-1.18387
0.00203	1.29659
0.00207	-5.86659
0.0021	-8.44773
0.00213	-7.49453
0.00217	-5.20084
0.0022	-4.74162
0.00223	-5.61418
0.00227	-4.36098
0.0023	-0.83847
0.00233	-3.76016
0.00237	1.71042
0.0024	9.58836
0.00243	6.07138
0.00247	-0.994
0.0025	-2.67537
0.00253	-5.25602
0.00257	-15.59206
0.0026	-4.96172
0.00263	1.51281
0.00267	7.46477
0.0027	10.18153
0.00273	5.0561
0.00277	2.91027
0.0028	6.41028
0.00283	-2.4294
0.00287	-1.30399
0.0029	0.78892
0.00293	-7.86361
0.00297	-3.60703
0.003	-0.33735
0.00303	11.8571
0.00307	4.49706
0.0031	11.22822
0.00313	12.89564
0.00317	10.16618
0.0032	-2.3166
0.00323	1.01851
0.00327	0.28385
0.0033	-5.55822
0.00333	-1.60471
0.00337	4.11572
0.0034	10.93503
0.00343	11.09879
0.00347	8.83189
0.0035	13.01043
0.00353	5.98989
0.00357	5.63851
0.0036	3.50984
0.00363	-0.9333
0.00367	-0.04287
0.0037	3.488
0.00373	4.79291
0.00377	0.80439
0.0038	-3.04734
0.00383	-3.59091
0.00387	-3.18732
0.0039	-9.28985
0.00393	-9.00169
0.00397	1.41466
0.004	5.43127
0.00403	3.7316
0.00407	5.57941
0.0041	8.34702
0.00413	4.25543
0.00417	2.14227
0.0042	-1.59737
0.00423	-1.66721
0.00427	7.1558
0.0043	6.11743
0.00433	13.85189
0.00437	21.8722
0.0044	31.47901
0.00443	24.76111
0.00447	24.0107
0.0045	19.74666
0.00453	20.67208
0.00457	15.65672
0.0046	18.44619
0.00463	17.2115
0.00467	17.2409
0.0047	27.25238
0.00473	31.77723
0.00477	37.54673
0.0048	18.23965
0.00483	12.88742
0.00487	15.1204
0.0049	16.61416
0.00493	26.06255
0.00497	32.59447
0.005	27.06783
0.00503	17.94427
0.00507	0.39434
0.0051	11.52672
0.00513	15.67525
0.00517	4.09872
0.0052	-0.29161
0.00523	5.89335
0.00527	9.38457
0.0053	14.12049
0.00533	12.42284
0.00537	12.46059
0.0054	12.03756
0.00543	12.90033
0.00547	17.38582
0.0055	27.3753
0.00553	12.69554
0.00557	19.74405
0.0056	19.65901
0.00563	13.95253
0.00567	9.14331
0.0057	-2.08077
0.00573	1.37361
0.00577	1.63067
0.0058	1.76628
0.00583	-0.42327
0.00587	-3.48245
0.0059	8.55009
0.00593	7.93836
0.00597	23.03903
0.006	15.60188
0.00603	9.76212
0.00607	7.06742
0.0061	10.07168
0.00613	13.32926
0.00617	7.5661
0.0062	4.70383
0.00623	2.4608
0.00627	1.31895
0.0063	9.11959
0.00633	6.19551
0.00637	12.83105
0.0064	8.75413
0.00643	6.83919
0.00647	10.14576
0.0065	-1.403
0.00653	-0.5138
0.00657	5.49166
0.0066	2.38055
0.00663	10.33709
0.00667	24.67187
0.0067	12.81468
0.00673	-0.53273
0.00677	3.16535
0.0068	3.61469
0.00683	0.31061
0.00687	0.16491
0.0069	0.38491
0.00693	-5.51662
0.00697	-9.21056
0.007	-7.17966
0.00703	-4.16115
0.00707	-0.32082
0.0071	3.89891
0.00713	1.36757
0.00717	3.41037
0.0072	5.63609
0.00723	-0.9872
0.00727	-5.72592
0.0073	5.7413
0.00733	6.62432
0.00737	9.94014
0.0074	10.38492
0.00743	12.54423
0.00747	14.05837
0.0075	9.62136
0.00753	-1.06804
0.00757	-9.01927
0.0076	-6.16595
0.00763	-5.66512
0.00767	-7.6738
0.0077	-9.1089
0.00773	-9.38272
0.00777	-11.72392
0.0078	-3.20759
0.00783	1.1578
0.00787	-3.08837
0.0079	-0.04166
0.00793	-1.75105
0.00797	-4.94462
0.008	1.74148
0.00803	6.404
0.00807	4.32087
0.0081	11.77008
0.00813	20.79455
0.00817	21.68166
0.0082	17.614
0.00823	14.3402
0.00827	19.5949
0.0083	15.76565
0.00833	3.13381
0.00837	-8.03386
0.0084	-7.4844
0.00843	-2.53718
0.00847	-11.72054
0.0085	-9.2841
0.00853	-3.65823
0.00857	0.25221
0.0086	8.10738
0.00863	10.89719
0.00867	7.15835
0.0087	4.08575
0.00873	8.738
0.00877	9.8358
0.0088	12.5704
0.00883	10.67766
0.00887	10.36956
0.0089	8.61758
0.00893	9.00373
0.00897	9.5591
0.009	10.59026
0.00903	1.15509
0.00907	-5.79368
0.0091	-11.34737
0.00913	-7.09085
0.00917	1.05907
0.0092	1.77844
0.00923	-3.18874
0.00927	-5.27649
0.0093	-10.83852
0.00933	-21.23672
0.00937	-19.94405
0.0094	-14.2089
0.00943	-18.94534
0.00947	-17.7632
0.0095	-23.28046
0.00953	-18.58632
0.00957	-16.43755
0.0096	-8.47281
0.00963	0.31583
0.00967	6.74578
0.0097	8.44445
0.00973	1.20468
0.00977	0.57052
0.0098	0.61591
0.00983	6.13524
0.00987	7.21241
0.0099	5.46187
0.00993	11.34733
0.00997	1.58229
0.01	12.77542
0.01003	10.85236
0.01007	11.04092
0.0101	12.66356
0.01013	15.36539
0.01017	16.93537
0.0102	15.46048
0.01023	16.87966
0.01027	14.24938
0.0103	23.87316
0.01033	20.40998
0.01037	25.65962
0.0104	23.9668
0.01043	19.0973
0.01047	12.22437
0.0105	21.34632
0.01053	10.3342
0.01057	6.6108
0.0106	1.11068
0.01063	-0.77921
0.01067	-3.03249
0.0107	-5.60754
0.01073	-9.68969
0.01077	-12.13691
0.0108	-7.39124
0.01083	-7.99183
0.01087	-17.44708
0.0109	-7.78401
0.01093	-5.72751
0.01097	-8.53769
0.011	-0.07078
0.01103	3.44705
0.01107	2.28468
0.0111	0.54858
0.01113	7.65837
0.01117	9.35935
0.0112	4.67263
0.01123	-3.22941
0.01127	-1.12765
0.0113	-7.62548
0.01133	8.37063
0.01137	3.23847
0.0114	6.00275
0.01143	0.04959
0.01147	2.84153
0.0115	5.99526
0.01153	16.89806
0.01157	13.90316
0.0116	7.76736
0.01163	13.02993
0.01167	5.93299
0.0117	8.08132
0.01173	11.68316
0.01177	15.32485
0.0118	15.83549
0.01183	11.92111
0.01187	14.908
0.0119	18.80941
0.01193	18.07825
0.01197	5.99833
0.012	-5.14894
0.01203	-12.15209
0.01207	-3.18643
0.0121	4.99684
0.01213	8.16187
0.01217	11.92502
0.0122	23.20409
0.01223	9.19258
0.01227	2.56928
0.0123	-10.77899
0.01233	-20.58202
0.01237	-20.13248
0.0124	-15.66169
0.01243	-15.64626
0.01247	-20.48987
0.0125	-22.59733
0.01253	-18.72525
0.01257	-17.07105
0.0126	-17.41702
0.01263	-12.12932
0.01267	-8.17595
0.0127	-2.11816
0.01273	-5.76882
0.01277	-2.05776
0.0128	-0.58196
0.01283	-5.33978
0.01287	-2.29199
0.0129	7.37637
0.01293	13.91958
0.01297	18.43604
0.013	11.69115
0.01303	4.87216
0.01307	8.35477
0.0131	9.06548
0.01313	10.12078
0.01317	10.78242
0.0132	8.78984
0.01323	12.20155
0.01327	12.57054
0.0133	11.27177
0.01333	14.73812
0.01337	17.30573
0.0134	6.99872
0.01343	5.95416
0.01347	5.75342
0.0135	3.04856
0.01353	-0.46413
0.01357	8.82712
0.0136	13.10493
0.01363	20.63788
0.01367	13.34598
0.0137	10.26412
0.01373	9.39945
0.01377	15.95935
0.0138	19.84584
0.01383	9.76589
0.01387	11.0482
0.0139	13.40945
0.01393	17.85068
0.01397	22.51334
0.014	24.97963
0.01403	20.32702
0.01407	15.41544
0.0141	11.94124
0.01413	17.59299
0.01417	22.0954
0.0142	17.41061
0.01423	19.36523
0.01427	25.52233
0.0143	20.74347
0.01433	7.48812
0.01437	-3.79231
0.0144	-8.26362
0.01443	-6.89167
0.01447	-16.96573
0.0145	-21.41148
0.01453	-12.09392
0.01457	-15.74231
0.0146	-6.90496
0.01463	-6.83972
0.01467	-5.38002
0.0147	-17.07404
0.01473	-5.31242
0.01477	-1.72135
0.0148	-7.6253
0.01483	-9.02848
0.01487	-1.02991
0.0149	-3.06786
0.01493	-6.56873
0.01497	-12.73363
0.015	-7.9231
0.01503	-4.12055
0.01507	-6.81336
0.0151	-5.97177
0.01513	-1.50591
0.01517	0.31482
0.0152	5.94541
0.01523	3.40668
0.01527	16.47013
0.0153	9.86668
0.01533	3.38584
0.01537	0.05851
0.0154	7.68375
0.01543	8.73459
0.01547	13.33112
0.0155	21.63011
0.01553	26.99985
0.01557	17.02729
0.0156	8.68505
0.01563	12.33113
0.01567	18.00784
0.0157	14.30382
0.01573	10.25201
0.01577	10.69505
0.0158	9.22298
0.01583	4.6458
0.01587	9.20429
0.0159	4.65027
0.01593	-1.08134
0.01597	-7.76965
0.016	-5.8947
0.01603	-2.84244
0.01607	4.85971
0.0161	-1.49852
0.01613	-0.94117
0.01617	0.49997
0.0162	-0.63495
0.01623	1.56843
0.01627	-7.52199
0.0163	-1.09997
0.01633	-5.06913
0.01637	-2.92121
0.0164	-2.29371
0.01643	-2.44615
0.01647	-13.24263
0.0165	-10.96726
0.01653	-9.03737
0.01657	-4.69762
0.0166	1.71853
0.01663	4.80508
0.01667	12.37559
0.0167	10.01172
0.01673	4.6574
0.01677	3.97626
0.0168	10.06933
0.01683	6.65086
0.01687	-5.26225
0.0169	-9.88665
0.01693	-12.3667
0.01697	-8.78396
0.017	-3.26722
0.01703	3.9214
0.01707	6.15524
0.0171	7.31677
0.01713	8.69657
0.01717	5.6718
0.0172	-1.67806
0.01723	-3.75025
0.01727	-11.08152
0.0173	-5.05854
0.01733	-3.84238
0.01737	7.0456
0.0174	10.30858
0.01743	15.45934
0.01747	15.14925
0.0175	12.41364
0.01753	13.9297
0.01757	20.94434
0.0176	17.82163
0.01763	18.33958
0.01767	16.53095
0.0177	15.97133
0.01773	6.69294
0.01777	13.4806
0.0178	16.54193
0.01783	15.23833
0.01787	17.20179
0.0179	24.53868
0.01793	18.12681
0.01797	7.63562
0.018	6.40781
0.01803	8.90866
0.01807	16.25254
0.0181	13.2186
0.01813	8.97451
0.01817	3.76203
0.0182	4.08532
0.01823	1.35898
0.01827	13.08509
0.0183	21.10322
0.01833	14.95087
0.01837	17.85761
0.0184	10.03718
0.01843	2.01857
0.01847	-4.64569
0.0185	-7.66805
0.01853	-11.7244
0.01857	-11.05236
0.0186	-6.75352
0.01863	-5.3247
0.01867	-0.53183
0.0187	2.24272
0.01873	2.85604
0.01877	-3.74674
0.0188	4.0519
0.01883	7.65593
0.01887	11.85713
0.0189	12.52388
0.01893	8.26808
0.01897	8.75484
0.019	6.76016
0.01903	12.19752
0.01907	5.04911
0.0191	3.87421
0.01913	0.09549
0.01917	-3.49606
0.0192	-1.80213
0.01923	0.47774
0.01927	13.25158
0.0193	14.84509
0.01933	18.72997
0.01937	22.45659
0.0194	21.22648
0.01943	17.9166
0.01947	17.71794
0.0195	20.43814
0.01953	28.1323
0.01957	32.162
0.0196	26.26961
0.01963	27.13912
0.01967	22.26925
0.0197	11.03097
0.01973	14.45603
0.01977	15.78241
0.0198	14.34638
0.01983	5.51412
0.01987	5.87687
0.0199	22.01265
0.01993	23.10159
0.01997	27.504
0.02	19.37443
0.02003	28.88272
0.02007	25.39881
0.0201	24.1084
0.02013	8.79355
0.02017	1.25206
0.0202	11.24623
0.02023	13.16934
0.02027	19.50353
0.0203	14.35119
0.02033	10.52111
0.02037	7.38468
0.0204	0.4085
0.02043	-5.27689
0.02047	-14.59364
0.0205	-10.74018
0.02053	-2.4527
0.02057	4.68565
0.0206	10.19424
0.02063	7.65577
0.02067	7.60297
0.0207	8.02168
0.02073	8.21117
0.02077	8.95447
0.0208	-2.847
0.02083	5.62283
0.02087	3.50758
0.0209	4.96073
0.02093	-2.89159
0.02097	10.23653
0.021	11.49118
0.02103	18.14289
0.02107	18.30271
0.0211	2.90457
0.02113	4.9328
0.02117	12.2658
0.0212	11.91073
0.02123	4.08557
0.02127	-0.49298
0.0213	3.58257
0.02133	-0.49744
0.02137	7.19932
0.0214	4.7886
0.02143	-3.34077
0.02147	5.47669
0.0215	2.22714
0.02153	6.62318
0.02157	-0.37105
0.0216	12.98363
0.02163	3.14679
0.02167	-0.27025
0.0217	-2.33873
0.02173	0.14761
0.02177	6.57403
0.0218	4.59016
0.02183	5.89769
0.02187	2.17708
0.0219	7.23485
0.02193	13.96059
0.02197	15.07692
0.022	15.79214
0.02203	8.07072
0.02207	5.92221
0.0221	6.13013
0.02213	0.9398
0.02217	-1.58289
0.0222	-9.52455
0.02223	-8.74186
0.02227	-0.05377
0.0223	4.62526
0.02233	2.03819
0.02237	8.22596
0.0224	10.01136
0.02243	12.70251
0.02247	3.57426
0.0225	-0.64835
0.02253	-3.98183
0.02257	-0.54172
0.0226	-5.9671
0.02263	-1.80808
0.02267	4.07742
0.0227	5.44819
0.02273	3.22886
0.02277	7.76096
0.0228	2.47828
0.02283	1.70646
0.02287	-5.51612
0.0229	-8.66172
0.02293	-6.77761
0.02297	-2.60624
0.023	4.50566
0.02303	-2.59658
0.02307	0.91505
0.0231	3.35829
0.02313	13.72161
0.02317	3.39194
0.0232	2.74523
0.02323	3.74081
0.02327	4.50721
0.0233	8.35075
0.02333	6.08016
0.02337	6.28887
0.0234	5.46119
0.02343	7.68502
0.02347	-1.25023
0.0235	0.83175
0.02353	10.10014
0.02357	13.11752
0.0236	11.79676
0.02363	18.01422
0.02367	19.55122
0.0237	12.07252
0.02373	11.44754
0.02377	17.27369
0.0238	10.67439
0.02383	-2.86261
0.02387	-1.59814
0.0239	-4.26932
0.02393	1.44453
0.02397	12.0562
0.024	12.29112
0.02403	8.29868
0.02407	5.50464
0.0241	3.26645
0.02413	5.56861
0.02417	4.34764
0.0242	-0.60772
0.02423	-3.00775
0.02427	-4.59174
0.0243	-4.19493
0.02433	1.25079
0.02437	9.36787
0.0244	16.09658
0.02443	9.55896
0.02447	23.21666
0.0245	22.66057
0.02453	19.78898
0.02457	22.128
0.0246	30.47785
0.02463	37.81132
0.02467	36.76682
0.0247	32.56059
0.02473	33.91861
0.02477	23.67019
0.0248	12.67936
0.02483	23.34747
0.02487	31.72296
0.0249	28.73592
0.02493	23.29859
0.02497	16.8841
0.025	14.36951
0.02503	7.0436
0.02507	14.12586
0.0251	12.92196
0.02513	0.24477
0.02517	13.626
0.0252	18.43037
0.02523	20.51719
0.02527	18.40314
0.0253	9.58075
0.02533	3.11789
0.02537	0.31974
0.0254	2.91548
0.02543	0.59208
0.02547	0.5591
0.0255	3.15777
0.02553	17.1558
0.02557	10.78006
0.0256	13.27933
0.02563	10.32363
0.02567	5.57252
0.0257	17.05332
0.02573	6.05682
0.02577	19.02581
0.0258	15.39216
0.02583	17.30952
0.02587	11.37181
0.0259	13.43325
0.02593	17.6587
0.02597	12.17757
0.026	10.51589
0.02603	15.95632
0.02607	14.00672
0.0261	7.16896
0.02613	2.46971
0.02617	7.12542
0.0262	4.5257
0.02623	1.31704
0.02627	6.00825
0.0263	10.71663
0.02633	6.98214
0.02637	12.66359
0.0264	-2.81169
0.02643	-10.778
0.02647	-7.41978
0.0265	-5.67476
0.02653	6.07306
0.02657	2.12539
0.0266	-9.54261
0.02663	-11.34842
0.02667	-3.90835
0.0267	4.79499
0.02673	3.7209
0.02677	4.12699
0.0268	3.95021
0.02683	4.99534
0.02687	6.28775
0.0269	11.97634
0.02693	8.51476
0.02697	-3.02607
0.027	3.90491
0.02703	10.89497
0.02707	19.85263
0.0271	26.16043
0.02713	22.07126
0.02717	27.24523
0.0272	20.14442
0.02723	10.83216
0.02727	12.52723
0.0273	14.73456
0.02733	11.29898
0.02737	1.32105
0.0274	3.18739
0.02743	9.06064
0.02747	11.5911
0.0275	13.26957
0.02753	10.58046
0.02757	17.81026
0.0276	21.48858
0.02763	20.1938
0.02767	25.54705
0.0277	17.96863
0.02773	11.94014
0.02777	5.77551
0.0278	8.60871
0.02783	2.34653
0.02787	-2.45122
0.0279	1.98795
0.02793	1.9888
0.02797	-3.2537
0.028	-2.06591
0.02803	2.69773
0.02807	-0.45395
0.0281	-7.25982
0.02813	-5.10614
0.02817	-1.71332
0.0282	1.584
0.02823	-4.28836
0.02827	2.14054
0.0283	0.13183
0.02833	-2.63868
0.02837	-14.73213
0.0284	-25.13962
0.02843	-16.24337
0.02847	-26.1556
0.0285	-38.97787
0.02853	-24.87384
0.02857	-21.98169
0.0286	-25.52048
0.02863	-14.63216
0.02867	-10.90719
0.0287	-2.43309
0.02873	-6.08973
0.02877	-6.61089
0.0288	-8.18211
0.02883	-5.18039
0.02887	-0.54216
0.0289	-7.27448
0.02893	-7.83212
0.02897	-17.08399
0.029	-23.47325
0.02903	-26.88501
0.02907	-19.99915
0.0291	-14.36114
0.02913	-12.62323
0.02917	1.38781
0.0292	1.7358
0.02923	1.5822
0.02927	5.10836
0.0293	7.4067
0.02933	14.46304
0.02937	18.69219
0.0294	19.6279
0.02943	16.12715
0.02947	12.73971
0.0295	6.05978
0.02953	1.279
0.02957	-2.60967
0.0296	-3.31263
0.02963	1.62402
0.02967	6.65264
0.0297	7.98133
0.02973	6.918
0.02977	0.13435
0.0298	-1.80829
0.02983	-1.58553
0.02987	-2.04212
0.0299	2.05495
0.02993	5.6204
0.02997	11.37139
0.03	1.72139
0.03003	-6.86241
0.03007	-15.30224
0.0301	-14.34264
0.03013	-8.91832
0.03017	-7.78526
0.0302	-10.62712
0.03023	-8.166
0.03027	-6.14937
0.0303	-7.83412
0.03033	-6.90936
0.03037	-16.89547
0.0304	-11.90347
0.03043	-16.41615
0.03047	-17.19232
0.0305	-11.85505
0.03053	-10.26458
0.03057	-3.75638
0.0306	0.95417
0.03063	-3.79789
0.03067	0.27522
0.0307	3.9555
0.03073	9.06898
0.03077	8.90916
0.0308	5.62702
0.03083	6.62621
0.03087	-1.71294
0.0309	-2.81621
0.03093	-2.16203
0.03097	-1.28265
0.031	1.0043
0.03103	6.0686
0.03107	7.29791
0.0311	8.18406
0.03113	23.04216
0.03117	25.09667
0.0312	22.7108
0.03123	13.00792
0.03127	20.07892
0.0313	31.82219
0.03133	33.82128
0.03137	41.75326
0.0314	30.07293
0.03143	26.00037
0.03147	16.39865
0.0315	14.99169
0.03153	21.2824
0.03157	27.34967
0.0316	25.22695
0.03163	13.23351
0.03167	12.25771
0.0317	17.86222
0.03173	17.5351
0.03177	21.42785
0.0318	15.54159
0.03183	10.54964
0.03187	5.07217
0.0319	1.48306
0.03193	2.00894
0.03197	-2.89172
0.032	-5.36698
0.03203	2.34643
0.03207	0.96278
0.0321	-3.56763
0.03213	-2.97993
0.03217	-8.51
0.0322	-3.97727
0.03223	-4.5748
0.03227	-0.03412
0.0323	6.86971
0.03233	3.41351
0.03237	1.25526
0.0324	-3.25014
0.03243	4.45629
0.03247	7.03409
0.0325	9.31339
0.03253	0.95654
0.03257	-1.60412
0.0326	-0.35444
0.03263	-3.64378
0.03267	-0.09106
0.0327	-6.88736
0.03273	-4.84194
0.03277	-7.59736
0.0328	-12.91524
0.03283	-7.04405
0.03287	-4.28251
0.0329	0.03649
0.03293	-1.53969
0.03297	7.19986
0.033	4.91167
0.03303	4.83716
0.03307	9.94884
0.0331	4.93398
0.03313	0.68044
0.03317	1.80446
0.0332	-0.46378
0.03323	3.28736
0.03327	4.81289
0.0333	8.38309
0.03333	17.96161
0.03337	6.40018
0.0334	5.8668
0.03343	1.96103
0.03347	-2.15676
0.0335	1.56504
0.03353	14.92148
0.03357	11.92991
0.0336	7.32195
0.03363	7.33535
0.03367	13.91929
0.0337	6.98919
0.03373	7.93539
0.03377	9.11706
0.0338	17.68933
0.03383	18.95352
0.03387	7.53492
0.0339	4.916
0.03393	-0.92397
0.03397	-3.86753
0.034	-3.68504
0.03403	2.05797
0.03407	0.92185
0.0341	-5.22226
0.03413	-1.51357
0.03417	2.92453
0.0342	2.76609
0.03423	16.41436
0.03427	18.94035
0.0343	23.70644
0.03433	12.25945
0.03437	8.47005
0.0344	-0.16025
0.03443	-3.99012
0.03447	-14.29496
0.0345	-12.27734
0.03453	-9.41241
0.03457	-11.36968
0.0346	-18.09463
0.03463	-8.648
0.03467	-1.91022
0.0347	-2.82045
0.03473	-16.93203
0.03477	-9.34526
0.0348	-5.03269
0.03483	-4.32048
0.03487	-0.32059
0.0349	6.82813
0.03493	15.66339
0.03497	21.30346
